[gd_scene load_steps=11 format=2]

[ext_resource path="res://Sprites/PumpActionShotgun/PumpActionShotgun/SPRITES/xstgf0.png" type="Texture" id=1]
[ext_resource path="res://Sprites/PumpActionShotgun/PumpActionShotgun/SPRITES/xstgb0.png" type="Texture" id=2]
[ext_resource path="res://Sprites/PumpActionShotgun/PumpActionShotgun/SPRITES/xstgc0.png" type="Texture" id=3]
[ext_resource path="res://Sprites/PumpActionShotgun/PumpActionShotgun/SPRITES/xstfb0.png" type="Texture" id=4]
[ext_resource path="res://Sprites/PumpActionShotgun/PumpActionShotgun/SPRITES/xstga0.png" type="Texture" id=5]
[ext_resource path="res://Scenes/Pistol.gd" type="Script" id=6]
[ext_resource path="res://Sprites/PumpActionShotgun/PumpActionShotgun/SPRITES/xstfa0.png" type="Texture" id=7]
[ext_resource path="res://Sprites/PumpActionShotgun/PumpActionShotgun/SPRITES/xstgd0.png" type="Texture" id=8]
[ext_resource path="res://Sprites/PumpActionShotgun/PumpActionShotgun/SPRITES/xstge0.png" type="Texture" id=9]

[sub_resource type="SpriteFrames" id=1]
animations = [ {
"frames": [ ExtResource( 4 ), ExtResource( 7 ), ExtResource( 7 ), ExtResource( 4 ), ExtResource( 5 ), ExtResource( 2 ), ExtResource( 3 ), ExtResource( 8 ), ExtResource( 9 ), ExtResource( 1 ) ],
"loop": true,
"name": "Shoot",
"speed": 20.0
}, {
"frames": [ ExtResource( 4 ) ],
"loop": true,
"name": "Idle",
"speed": 5.0
} ]

[node name="Shotgun" type="Spatial"]
script = ExtResource( 6 )

[node name="CanvasLayer" type="CanvasLayer" parent="."]

[node name="Control" type="Control" parent="CanvasLayer"]
anchor_left = 1.0
anchor_top = 1.0
anchor_right = 1.0
anchor_bottom = 1.0
margin_left = -40.0
margin_top = -40.0

[node name="GunSprite" type="AnimatedSprite" parent="CanvasLayer/Control"]
position = Vector2( 47, 47 )
rotation = 3.14159
scale = Vector2( 2, 2 )
frames = SubResource( 1 )
animation = "Idle"
playing = true
centered = false
flip_h = true
flip_v = true

[node name="GunRays" type="Spatial" parent="."]

[node name="RayCast" type="RayCast" parent="GunRays"]
transform = Transform( 1, 0, 0, 0, 0.999053, -0.0435148, 0, 0.0435148, 0.999053, 0, 0, 0 )
enabled = true
cast_to = Vector3( 0, 0, -10 )

[node name="RayCast2" type="RayCast" parent="GunRays"]
enabled = true
cast_to = Vector3( 0, 0, -20 )

[node name="RayCast3" type="RayCast" parent="GunRays"]
transform = Transform( 1, 0, 0, 0, 0.999448, 0.0332075, 0, -0.0332075, 0.999448, 0, 0, 0 )
enabled = true
cast_to = Vector3( 0, 0, -15 )

[node name="RayCast4" type="RayCast" parent="GunRays"]
transform = Transform( 0.999987, -9.31801e-05, 0.00518277, 0, 0.999838, 0.0179759, -0.0051836, -0.0179757, 0.999825, 0, 0, 0 )
enabled = true
cast_to = Vector3( 0, 0, -20 )

[node name="RayCast5" type="RayCast" parent="GunRays"]
enabled = true
cast_to = Vector3( 0, 0, -10 )

[node name="RayCast6" type="RayCast" parent="GunRays"]
transform = Transform( 0.999998, -3.00436e-05, -0.00204181, 0, 0.999892, -0.0147126, 0.00204203, 0.0147126, 0.99989, 0, 0, 0 )
enabled = true
cast_to = Vector3( 0, 0, -20 )

[node name="RayCast7" type="RayCast" parent="GunRays"]
transform = Transform( 0.999805, 0.000150333, 0.0197553, 0, 0.999971, -0.00760956, -0.0197558, 0.00760808, 0.999776, 0, 0, 0 )
enabled = true
cast_to = Vector3( 0, 0, -15 )
